2 3 
   5   5   0
   0   5   5
3 4
1 3 4 2
1 4 3 1
2 2 2 1
4 3
6 10 6
0 10 1
1 4 0
6 4 6
5 5
1 4 6 2 3
1 1 1 1 1
4 3 2 1 7
8 7 6 9 0
5 8 3 0 1
5 5
7 3 9 3 3
3 9 2 9 5
9 2 9 4 8
3 9 4 2 0
3 5 8 0 3
6 9
5 7 9 5 8 5 5 2 1
5 3 6 9 7 6 4 7 6
8 9 3 5 6 6 2 5 2
2 5 7 6 8 1 5 1 5
4 9 0 9 7 5 0 4 5
4 2 7 0 8 9 2 7 5
8 7
3 9 3 7 1 6 4 
7 5 7 6 8 9 5
5 5 9 4 7 4 9
6 7 6 8 7 3 7
8 3 5 7 5 1 2
0 9 1 3 0 9 5
6 4 9 5 3 1 1
8 4 0 4 2 2 6
3 3 
3 0 1
3 3 3
1 3 3
4 4 
8 9 7 1
1 3 8 0
0 8 5 8
2 2 2 2
2 3
1 1 1
1 2 1